#timestamp x y z q_x q_y q_z q_w
81.850000 0.001355281570237 -0.001298145962036 0.000000000000000 -0.000014920464250 0.000003922244508 0.000024383699041 0.999999999583715
81.995000 0.000338634790877 -0.001675402306564 0.000000000000000 -0.000008293747147 0.000003150397006 -0.000003803121623 0.999999999953412
82.105000 -0.007529833558288 -0.003001329943873 0.000000000000000 0.000004756973981 -0.000481796718226 0.000380273295667 0.999999811620739
82.255000 -0.007404837092089 -0.003382417758437 0.000000000000000 -0.000141490589343 0.000473383617211 0.000258660975499 0.999999844491418
82.385000 -0.005631484078224 -0.003113709770611 0.000000000000000 -0.000218021389876 0.000827916732677 0.000227626072598 0.999999607603385
82.505000 -0.005690008485145 -0.003367604906318 0.000000000000000 -0.000147023886207 0.000643620685107 0.000243677985342 0.999999752378683
82.645000 -0.001664160981678 -0.001115206644680 0.000000000000000 -0.000274955604153 0.000874367690698 0.000079031310141 0.999999576817213
82.760000 0.000210230873319 -0.001315755687865 0.000000000000000 -0.000107629886298 0.000742219413830 0.000018661081364 0.999999718588915
82.900000 0.001281996557813 -0.000666048466743 0.000000000000000 -0.000116836140464 0.000544295105952 0.000020681733802 0.999999844832196
83.045000 0.001108587201618 -0.000784474094657 0.000000000000000 -0.000052976949238 0.000389254691160 0.000024058486862 0.999999922547704
83.150000 -0.002328685944327 -0.002231585621250 0.000000000000000 -0.000026221632815 0.000163602250542 0.000140723883602 0.999999976371757
83.310000 -0.003585668449483 -0.002707905819919 0.000000000000000 -0.000094253352553 0.000217199055797 0.000168611883845 0.999999957755451
83.435000 -0.004336784802036 -0.002842908076751 0.000000000000000 -0.000143744022708 0.000221909123866 0.000184589416117 0.999999948010368
83.560000 -0.004894518076605 -0.002310098944363 0.000000000000000 -0.000143322970022 0.000228935791341 0.000192407921457 0.999999945013057
83.715000 -0.004562111470162 -0.002374586852160 0.000000000000000 -0.000094241434124 0.000264231247991 0.000168383904090 0.999999946473626
83.830000 -0.001764132671433 -0.001376597199422 0.000000000000000 -0.000076283190391 0.000343898148171 0.000043023165740 0.999999937031968
83.990000 0.000414030475618 -0.000909620664923 0.000000000000000 -0.000050233748137 0.000318805969917 0.000037020463357 0.999999947234400
84.135000 -0.002306756742836 -0.002327870406167 0.000000000000000 -0.000050492586687 0.000153613700159 0.000103266571103 0.999999981594668
84.260000 -0.003386814662203 -0.002609380422172 0.000000000000000 -0.000078521800571 0.000153024089636 0.000140717502100 0.999999975308265
84.395000 -0.003685869099248 -0.002666875543489 0.000000000000000 -0.000115615948216 0.000173104649039 0.000154798478021 0.999999966352577
84.555000 -0.001340968603882 -0.000835953734172 0.000000000000000 -0.000090720264689 0.000238279997143 0.000011729466008 0.999999967427443
84.660000 0.000348249182459 0.000131592999644 0.000000000000000 -0.000082499814333 0.000245651842548 0.000028742377308 0.999999966011409
84.815000 0.000958115025458 -0.000537400228923 0.000000000000000 -0.000019837729228 0.000196829565581 0.000020845378209 0.999999980215023
84.955000 0.001046011897258 -0.000516612522443 0.000000000000000 -0.000028217627464 0.000172453799463 -0.000006109043098 0.999999984713061
85.105000 0.000267330967959 -0.001340131642872 0.000000000000000 -0.000007835640517 0.000138659980029 0.000031001534764 0.999999989875454
85.235000 -0.000425427109273 -0.001417631585971 0.000000000000000 -0.000028954945959 0.000128498098076 0.000017561060557 0.999999991170724
85.370000 -0.000543195171534 -0.001197861277230 0.000000000000000 -0.000040551198523 0.000129661361821 0.000044040524548 0.999999989801976
85.510000 0.000255263908697 -0.000553442795473 0.000000000000000 -0.000038226021741 0.000137531788162 0.000025226239766 0.999999989493702
85.665000 0.000518802203966 -0.000157309508836 0.000000000000000 -0.000038273668617 0.000141563671126 0.000030836964197 0.999999988771962
85.770000 -0.000268203176314 -0.000632779872826 0.000000000000000 -0.000018002533180 0.000116575166985 0.000050389429504 0.999999991773516
85.945000 0.000130657650277 -0.001365384913217 0.000000000000000 -0.000018068590527 0.000130229877216 0.000033636036060 0.999999990791155
86.075000 0.000448627253260 -0.001086159466308 0.000000000000000 -0.000027384454400 0.000130414979960 0.000027957397634 0.999999990730198
86.250000 0.000454967969590 -0.001383669658203 0.000000000000000 -0.000029351100428 0.000121515718389 0.000020380263031 0.999999991978538
86.395000 0.001701649071904 -0.001266856654064 0.000000000000000 -0.000036566652944 0.000134054745890 0.000023518644725 0.999999990069533
86.515000 0.000736926480017 -0.001394337015399 0.000000000000000 -0.000027947051605 0.000097632959001 0.000024373358587 0.999999994546348
86.675000 -0.003369041972141 -0.002642327311913 0.000000000000000 -0.000065977163576 0.000047308461070 0.000161737202505 0.999999983624994
86.805000 -0.004701530871897 -0.002484774602808 0.000000000000000 -0.000091147551797 0.000071527684696 0.000192436133571 0.999999974772117
86.945000 -0.001186892812427 -0.002092317203837 0.000000000000000 -0.000045527134491 0.000135838336847 0.000007373504517 0.999999989710422
87.100000 0.001005168928877 -0.001595566330679 0.000000000000000 -0.000043989533316 0.000133885249866 -0.000006508647757 0.999999990048642
87.210000 0.000966430781573 -0.001285219444246 0.000000000000000 -0.000039455889902 0.000116567855734 0.000014563921749 0.999999992321523
87.345000 -0.007402321672952 -0.002691254536834 0.000000000000000 -0.000072660460728 0.000071320628549 -0.000055565284833 0.999999993273155
87.490000 -0.008120160955826 -0.003627583441397 0.000000000000000 -0.000080515380071 0.000093617211698 0.000177487813854 0.999999976625576
87.615000 -0.004881460550113 -0.002770802744991 0.000000000000000 -0.000023851280913 0.000149633590129 0.000046489720557 0.999999987439797
87.775000 -0.002525680805336 -0.002693720192139 0.000000000000000 -0.000031202943057 0.000149720780471 -0.000013929637064 0.999999988208006
87.890000 -0.002288210786110 -0.003466302480046 0.000000000000000 -0.000019454617994 0.000127367586284 -0.000021235309539 0.999999991474030
88.045000 -0.002424697203254 -0.003753361496189 0.000000000000000 -0.000030261372253 0.000110518381891 0.000006572192583 0.999999993413363
88.195000 -0.002697783942812 -0.003399874158323 0.000000000000000 -0.000025259033682 0.000102043961321 -0.000010544273343 0.999999994418906
88.315000 -0.000999669039874 -0.003159032838678 0.000000000000000 -0.000027685829751 0.000117683520059 -0.000022816199076 0.999999992431743
88.475000 -0.002029999113420 -0.003501787182265 0.000000000000000 -0.000024145212933 0.000095989348524 -0.000019807286730 0.999999994905353
88.605000 -0.002408210387023 -0.003542624781888 0.000000000000000 -0.000026036763836 0.000091904277751 -0.000013257575266 0.999999995349955
88.720000 -0.004823263308384 -0.004070889428309 0.000000000000000 -0.000075096093166 0.000075236673436 0.000116041723225 0.999999987617160
88.880000 0.000567007340912 -0.001801780908998 0.000000000000000 -0.000095432000212 0.000066827160743 0.000279235776423 0.999999954227112
88.995000 0.001053998856224 -0.002233128130928 0.000000000000000 -0.000083013393931 0.000118531230622 0.000099962155585 0.999999984533337
89.140000 0.004090824774326 -0.002650517243031 0.000000000000000 -0.000016169792036 0.000081173492841 0.000190389706208 0.999999978450572
89.290000 0.003503324918092 -0.002916034464548 0.000000000000000 -0.000024353733245 0.000042193433598 0.000172449944891 0.999999983943804
89.395000 0.000333669031962 -0.003399746369920 0.000000000000000 -0.000020116793101 0.000055994194260 -0.000006505935830 0.999999998208809
89.535000 -0.001389916988990 -0.002485019312583 0.000000000000000 -0.000019016667983 0.000062282333588 -0.000015590649801 0.999999997758095
89.665000 -0.002470156145550 -0.004347650984493 0.000000000000000 -0.000095410519490 0.000029720243276 0.000357996614993 0.999999930925970
89.790000 0.000526715695911 -0.004555951588760 0.000000000000000 -0.000096056740334 0.000068263789225 0.000354041430567 0.999999930383899
89.965000 -0.000225960544170 -0.002145257516339 0.000000000000000 -0.000030229261855 0.000090234447305 -0.000029336297511 0.999999995041648
90.080000 -0.001569661432137 -0.001378176270394 0.000000000000000 -0.000020801473189 0.000078166700152 -0.000019009357493 0.999999996547944
90.240000 -0.000569722186072 -0.002171107879607 0.000000000000000 -0.000002202934162 0.000097590936758 -0.000001428436889 0.999999995234547
90.375000 -0.001600966030634 -0.002971852276246 0.000000000000000 -0.000006455146751 0.000076792618495 -0.000016415137075 0.999999996895873
90.505000 -0.002691606943353 -0.003331368172283 0.000000000000000 -0.000015954148820 0.000075381118213 -0.000011401905135 0.999999996966563
90.645000 -0.000258585245154 -0.002239185913392 0.000000000000000 -0.000019755568718 0.000104334589871 -0.000006237724255 0.999999994342540
90.805000 -0.001194367008546 -0.002111867189778 0.000000000000000 -0.000011106270533 0.000084459629988 -0.000019776365852 0.999999996176047
90.920000 -0.000641969555813 -0.001867604423084 0.000000000000000 -0.000011794851201 0.000088226865632 -0.000012484603783 0.999999995960506
91.090000 -0.005387009549547 -0.002702720764192 0.000000000000000 -0.000075620475188 0.000058574319107 0.000148118173399 0.999999984455788
91.235000 -0.003311095388293 -0.002479599240234 0.000000000000000 -0.000015250282094 0.000098656009062 -0.000008224145777 0.999999994983381
91.380000 -0.001419552049544 -0.002754952654727 0.000000000000000 -0.000025151973447 0.000093598383465 -0.000010663891773 0.999999995246489
91.520000 -0.002069860647505 -0.003449208124500 0.000000000000000 -0.000011452049821 0.000082035172767 0.000002354985895 0.999999996566755
91.630000 -0.005685376419863 -0.003175929071354 0.000000000000000 -0.000087880986363 0.000059264603297 0.000233211034999 0.999999967188614
91.765000 -0.006704296403293 -0.002378604337641 0.000000000000000 -0.000092140571348 0.000074282244928 0.000153368146828 0.999999981235225
91.915000 -0.006842242384692 -0.003246862822558 0.000000000000000 -0.000077020584059 0.000085165366868 0.000167245758456 0.999999979421761
92.025000 -0.006675889552616 -0.003111266646322 0.000000000000000 -0.000076331341299 0.000085767135505 0.000144251823621 0.999999983004456
92.195000 -0.003720207124699 -0.003093305171646 0.000000000000000 -0.000021360932053 0.000104835475919 0.000005044774647 0.999999994263879
92.320000 -0.001510569958586 -0.003180899067651 0.000000000000000 -0.000012418062908 0.000102276810837 0.000010133477466 0.999999994641267
92.475000 -0.001476046459216 -0.003494426065122 0.000000000000000 -0.000000231675544 0.000079483591512 0.000008931344103 0.999999996801255
92.650000 -0.001685443200408 -0.002722094731187 0.000000000000000 -0.000008983217091 0.000073955656813 -0.000011012252892 0.999999997164284
92.770000 -0.001923536968782 -0.001910934468922 0.000000000000000 -0.000015973511149 0.000078845854371 -0.000025567806131 0.999999996437220
92.920000 -0.002243569722764 -0.001822322848706 0.000000000000000 -0.000008154650205 0.000078607251545 -0.000032990616507 0.999999996332997
93.060000 -0.002360879499829 -0.002258905885462 0.000000000000000 -0.000005032037571 0.000079726676213 -0.000017902238258 0.999999996648910
93.190000 -0.002469359042286 -0.003363209749039 0.000000000000000 -0.000006972177822 0.000074032023923 0.000013169791780 0.999999997148589
93.350000 -0.001796949099530 -0.003715063421150 0.000000000000000 -0.000012672477576 0.000077732031367 0.000012818989706 0.999999996816393
93.475000 -0.002166535782150 -0.002860956179149 0.000000000000000 -0.000007250027928 0.000071978908436 0.000001912917167 0.999999997381394
93.625000 -0.005723273783293 -0.003301543016158 0.000000000000000 -0.000074825005339 0.000057567862934 0.000177386633673 0.999999979810557
93.790000 -0.007034765784120 -0.002670600997965 0.000000000000000 -0.000087850335195 0.000075173155527 0.000186085754120 0.999999976001690
93.930000 -0.006825382148544 -0.002373236135081 0.000000000000000 -0.000078572583462 0.000084479441070 0.000167882482626 0.999999979252509
94.105000 -0.006000413766381 -0.002670869259062 0.000000000000000 -0.000079853930770 0.000087547100746 0.000175199101752 0.999999977632051
94.260000 -0.002465884837702 -0.001643851245009 0.000000000000000 -0.000002633615440 0.000097596921691 -0.000016804637532 0.999999995092741
94.415000 -0.001197798826801 -0.001823249041501 0.000000000000000 -0.000000819710350 0.000085381083448 -0.000020439635870 0.999999996145796
94.585000 -0.001129698193634 -0.001357909115639 0.000000000000000 -0.000001252555040 0.000075201343878 -0.000033146017448 0.999999996622252
94.715000 -0.001785761029251 -0.001696600028291 0.000000000000000 0.000005635645306 0.000068129949411 -0.000016980119753 0.999999997519099
94.905000 -0.002817941949665 -0.002897296919487 0.000000000000000 0.000004970452544 0.000059426207379 0.000004515652668 0.999999998211701
95.055000 -0.005759995818176 -0.003012476750299 0.000000000000000 -0.000066445215835 0.000061952606384 0.000163030038240 0.999999982584043
95.215000 -0.007658305480637 -0.003031105161889 0.000000000000000 -0.000081912449285 0.000065495004985 0.000198558836922 0.999999974787557
95.370000 -0.003416962091403 -0.001906414430584 0.000000000000000 -0.000012649243849 0.000095380408657 -0.000007782221162 0.999999995340991
95.490000 -0.001684066677897 -0.001872141634895 0.000000000000000 -0.000005891157371 0.000089195806909 0.000004323235471 0.999999995995341
95.630000 -0.004968547211505 -0.002642923297624 0.000000000000000 -0.000066473600991 0.000062243560990 0.000173698131662 0.999999980767964
95.775000 -0.006502493170011 -0.003259535236352 0.000000000000000 -0.000075056303149 0.000064935758396 0.000191007168539 0.999999976833065
95.890000 -0.003263393918999 -0.002661053361157 0.000000000000000 -0.000013064519274 0.000089065014404 -0.000016708114612 0.999999995808775
96.065000 -0.001691690267534 -0.002459207225299 0.000000000000000 -0.000000284305051 0.000074135308895 -0.000008045835438 0.999999997219554
96.210000 -0.001993699902100 -0.003095577935984 0.000000000000000 -0.000003644272619 0.000068222189719 0.000019998991553 0.999999997466231
96.360000 -0.002155206846737 -0.003059056366779 0.000000000000000 -0.000003030651665 0.000058949619705 0.000015276523304 0.999999998141177
96.485000 -0.003380015899398 -0.003845690017269 0.000000000000000 0.000013944480332 0.000055864740117 0.000040121254801 0.999999997537467
96.605000 -0.003454348171591 -0.003159637683645 0.000000000000000 -0.000007919021973 0.000062699913166 0.000032613546494 0.999999997471167
96.770000 -0.002961865690293 -0.002492587509066 0.000000000000000 -0.000009609223142 0.000070996799811 0.000046338705299 0.999999996359904
96.885000 -0.002946074646140 -0.002479277327744 0.000000000000000 -0.000011985413406 0.000069350437550 0.000018969908521 0.999999997343488
97.025000 -0.001915483615311 -0.002162359442275 0.000000000000000 -0.000003989246536 0.000073961749681 -0.000021224477713 0.999999997031617
97.155000 -0.001919075842735 -0.002580191965354 0.000000000000000 -0.000006144808217 0.000072931784047 -0.000035945623239 0.999999996675538
97.275000 -0.002078379617460 -0.001713595748516 0.000000000000000 -0.000003464825090 0.000066484032170 -0.000017933623093 0.999999997623111
97.430000 -0.005760471750118 -0.002504806127422 0.000000000000000 -0.000065087979181 0.000058202845611 0.000133542822634 0.999999987271132
97.550000 -0.007970309929544 -0.003330368960526 0.000000000000000 -0.000075873012111 0.000052718670936 0.000178051754263 0.999999979880783
97.670000 -0.008639095498094 -0.003799101717664 0.000000000000000 -0.000084759809120 0.000069114794948 0.000165865568514 0.999999980263749
97.840000 -0.004062922228832 -0.002282085961237 0.000000000000000 -0.000008199267239 0.000092384612593 -0.000022053661249 0.999999995455729
97.945000 -0.001794635174538 -0.001850069497974 0.000000000000000 -0.000005633706137 0.000083925268327 -0.000022394006186 0.999999996211643
98.085000 -0.001202991940200 -0.002113551519189 0.000000000000000 -0.000003953849442 0.000071691806925 -0.000021964076106 0.999999997181099
98.230000 -0.005915801248557 -0.003251192477967 0.000000000000000 -0.000069274309505 0.000052650846133 0.000174276592630 0.999999981028297
98.340000 -0.007073488785664 -0.003651999313804 0.000000000000000 -0.000077771997126 0.000057966349430 0.000169687283379 0.999999980898806
98.480000 -0.004896241719745 -0.004016731996905 0.000000000000000 -0.000001943135483 0.000070113528427 0.000041567966296 0.999999996676194
98.640000 -0.002726316745248 -0.003213963886120 0.000000000000000 -0.000005765947473 0.000072203658795 0.000021271820650 0.999999997150431
98.745000 -0.002224362463410 -0.002961862506927 0.000000000000000 -0.000001006901689 0.000065909785587 0.000021676445344 0.999999997592493
98.885000 -0.001353853575287 -0.002210140579563 0.000000000000000 -0.000010607383568 0.000064029185556 0.000004899064507 0.999999997881857
99.025000 -0.002364888570802 -0.002871808671848 0.000000000000000 0.000005072532637 0.000052465992087 0.000025236356162 0.999999998292342
99.150000 -0.003427760748109 -0.003182174346517 0.000000000000000 0.000003445336161 0.000053469257096 0.000030368644249 0.999999998103441
99.290000 -0.002439637363822 -0.001937455105266 0.000000000000000 -0.000006759417579 0.000065398781381 -0.000015683353238 0.999999997715655
99.440000 -0.001792360035921 -0.001782944310773 0.000000000000000 -0.000007305986864 0.000065120349450 -0.000022799686288 0.999999997593053
99.545000 -0.000767458422751 -0.001830849256816 0.000000000000000 -0.000002199310960 0.000067950171885 -0.000029924449016 0.999999997241216
99.700000 -0.005354088847425 -0.003148343539203 0.000000000000000 -0.000076161523691 0.000042926100993 0.000175979084166 0.999999980694050
99.815000 -0.008146104036645 -0.003067156242323 0.000000000000000 -0.000082201262408 0.000047687129513 0.000191640346942 0.999999977121417
99.965000 -0.008892494272374 -0.003510449725905 0.000000000000000 -0.000085600432233 0.000066406432718 0.000184732346634 0.999999977068338
100.105000 -0.008020345087983 -0.002851420842455 0.000000000000000 -0.000079368965858 0.000065997711037 0.000200478265041 0.999999974576650
100.210000 -0.008116490410833 -0.002693549902253 0.000000000000000 -0.000081852557215 0.000067238249461 0.000212506328362 0.999999971810101
100.345000 -0.008245955663541 -0.002981555076332 0.000000000000000 -0.000072232590613 0.000067737121220 0.000209671853319 0.999999973115907
100.455000 -0.005694661297027 -0.003805800151867 0.000000000000000 0.000013413980139 0.000069882470521 0.000047132174097 0.999999996357514
100.600000 -0.002583818211120 -0.002815426586604 0.000000000000000 0.000004582506921 0.000071190174530 0.000007704651692 0.999999997425781
100.745000 -0.005479763583442 -0.003098147520867 0.000000000000000 -0.000069559927930 0.000056024906900 0.000127085398036 0.999999987935946
100.860000 -0.004644515756525 -0.004481224560249 0.000000000000000 0.000007578197663 0.000063175995162 0.000065855395660 0.999999995807198
100.995000 -0.004932269505695 -0.004037996813873 0.000000000000000 0.000009477406791 0.000056821793675 0.000104323763108 0.999999992898990
101.105000 -0.002907900897703 -0.002421434843921 0.000000000000000 -0.000016097345399 0.000073361020388 -0.000006422448767 0.999999997158876
101.260000 -0.002143194094125 -0.001737468277580 0.000000000000000 -0.000011123874407 0.000065526180110 -0.000019935415307 0.999999997592561
101.380000 -0.001968866411069 -0.002247305670193 0.000000000000000 -0.000008088545416 0.000080205539442 -0.000028127985826 0.999999996355214
101.530000 -0.006228295710578 -0.003275960607098 0.000000000000000 -0.000069369502064 0.000048208898149 0.000130747566969 0.999999987884406
101.670000 -0.005046438969987 -0.004201405141047 0.000000000000000 0.000009204457626 0.000060645984626 0.000063746737000 0.999999996086830
101.775000 -0.004037980565077 -0.004269114391668 0.000000000000000 -0.000000291450610 0.000062114029493 0.000061019025420 0.999999996209202
101.925000 -0.006685657907487 -0.003214914262302 0.000000000000000 -0.000079987033128 0.000053182986337 0.000152582463647 0.999999983746099
102.030000 -0.007821019791761 -0.003380859737704 0.000000000000000 -0.000081648888067 0.000051925983084 0.000153998701355 0.999999983460756
102.180000 -0.008380321645431 -0.003653728903896 0.000000000000000 -0.000074452597614 0.000061653873762 0.000150198458689 0.999999984047997
102.335000 -0.003014203849699 -0.002434701039892 0.000000000000000 -0.000011691938015 0.000077912544336 -0.000002385664505 0.999999996893602
102.450000 -0.006205639987247 -0.003809962743946 0.000000000000000 -0.000037645325242 0.000030136908651 0.000144437468169 0.999999988406187
102.610000 -0.008606177548606 -0.005739131817985 0.000000000000000 -0.000045938164455 0.000028087939806 0.000162740963828 0.999999985308046
102.730000 -0.006972660708418 -0.005724331073543 0.000000000000000 0.000005530263343 0.000053220946721 0.000081715383050 0.999999995229752
102.865000 -0.008340949673808 -0.005957318863759 0.000000000000000 -0.000079762265427 0.000061139495187 0.000176534258107 0.999999979367780
103.025000 -0.006859499222498 -0.003544780709042 0.000000000000000 -0.000020123123077 0.000067362815231 -0.000011703301667 0.999999997460153
103.140000 -0.006472369900095 -0.004203508309788 0.000000000000000 -0.000019937373735 0.000066783724033 0.000022202250349 0.999999997324729
103.290000 -0.005344073499604 -0.003973097480090 0.000000000000000 -0.000032224999521 0.000045364526820 0.000087879122015 0.999999994590416
103.385000 -0.004780309101886 -0.004178105117744 0.000000000000000 -0.000075056293287 0.000021691396868 0.000282215716086 0.999999957125143
103.555000 -0.004540879717951 -0.004413713832687 0.000000000000000 -0.000090795838366 0.000006956566294 0.000326567669937 0.999999942530619
103.700000 -0.003733709507481 -0.003437677144402 0.000000000000000 -0.000016779232897 0.000060921323155 0.000003599896618 0.999999997997026
103.850000 -0.002759621362228 -0.002968893637319 0.000000000000000 -0.000006710237732 0.000069620798287 -0.000015352651664 0.999999997436087
103.985000 -0.002670429679669 -0.002342421422028 0.000000000000000 -0.000011066995249 0.000057160607585 -0.000015419950885 0.999999998186187
104.145000 -0.003116061410886 -0.002629459027696 0.000000000000000 -0.000016517503264 0.000058385016446 0.000005348142743 0.999999998144861
104.255000 -0.002140674795649 -0.002847644016403 0.000000000000000 -0.000016354339084 0.000057583525443 -0.000009730391814 0.999999998160977
104.410000 -0.002325606074864 -0.002100090085372 0.000000000000000 -0.000004047252988 0.000065040652652 -0.000040087929597 0.999999997073127
104.520000 -0.003297536476560 -0.002845352403300 0.000000000000000 -0.000049969512188 0.000053335270839 0.000044821256591 0.999999996324707
104.655000 -0.006945635539555 -0.002672032586352 0.000000000000000 -0.000075747239548 0.000046564348115 0.000126055983641 0.999999988101984
104.820000 -0.009250140611399 -0.004305537804837 0.000000000000000 -0.000082933717240 0.000054665887495 0.000204696019734 0.999999974116570
105.005000 -0.007993588526966 -0.003514760185209 0.000000000000000 -0.000085497543117 0.000060961047714 0.000169014786862 0.999999980203941
105.115000 -0.007534842662905 -0.003522372114024 0.000000000000000 -0.000091487872555 0.000062143311695 0.000149828484126 0.999999982659781
105.265000 -0.007825131093349 -0.002853929807804 0.000000000000000 -0.000081075992559 0.000055524089731 0.000171175554442 0.999999980521324
105.410000 -0.007878813458360 -0.004622059260989 0.000000000000000 -0.000084922749302 0.000052444153139 0.000235821313459 0.999999967213003
105.555000 -0.007371269332237 -0.004523858660953 0.000000000000000 -0.000088931289997 0.000057039961290 0.000159058285366 0.999999981769045
105.670000 -0.007642299888270 -0.004476984306155 0.000000000000000 -0.000078695633137 0.000058140336740 0.000179774802547 0.999999979053840
105.835000 -0.006933726999439 -0.003745011097566 0.000000000000000 -0.000076624775077 0.000062468441585 0.000118813104220 0.999999988054872
106.010000 -0.004597246937081 -0.003836248223023 0.000000000000000 0.000001922978082 0.000061592455558 0.000060508701874 0.999999996270664
106.185000 -0.006321677754253 -0.003856981307614 0.000000000000000 -0.000068383132807 0.000056212430127 0.000147411315916 0.999999985216886
106.345000 -0.007780040872187 -0.003637740640305 0.000000000000000 -0.000082651779238 0.000056212865766 0.000177436752698 0.999999979262478
106.485000 -0.007781590471667 -0.003057785896704 0.000000000000000 -0.000076825288265 0.000059661943516 0.000185418497559 0.999999978079134
106.630000 -0.007451406457902 -0.002816025140546 0.000000000000000 -0.000056434912812 0.000065938458852 0.000148301213530 0.999999985236965
106.765000 -0.007429137060590 -0.002858651932355 0.000000000000000 -0.000060200628207 0.000066216658192 0.000138211187404 0.999999986444433
106.885000 -0.003210914165840 -0.002374095887538 0.000000000000000 -0.000001057002295 0.000074595521587 -0.000014937639775 0.999999997105609
107.035000 -0.001298280804471 -0.002294978402791 0.000000000000000 0.000002554579152 0.000063273815974 -0.000022353088633 0.999999997745099
107.190000 -0.000501736695262 -0.001908030180902 0.000000000000000 0.000001519187099 0.000059311794530 -0.000012500117644 0.999999998161755
107.315000 -0.002306964188063 -0.003529695328849 0.000000000000000 0.000012794444935 0.000044702297805 0.000029822300026 0.999999998474298
107.455000 -0.003165718377730 -0.003689760676034 0.000000000000000 0.000020262770124 0.000051758187969 0.000024650275501 0.999999998151417
107.585000 -0.003222394973594 -0.003689205049587 0.000000000000000 0.000007981248149 0.000053260246267 0.000023437955370 0.999999998275134
107.760000 -0.005838500719205 -0.003855691382967 0.000000000000000 -0.000077330138889 0.000029130667436 0.000183312240166 0.999999979784017
107.910000 -0.006183702645369 -0.004165227783854 0.000000000000000 -0.000088685842010 0.000037268773338 0.000212200589302 0.999999972858363
108.035000 -0.006734528031690 -0.004850023446492 0.000000000000000 -0.000081882133163 0.000035671444735 0.000222868292511 0.999999971176272
108.185000 -0.003456959179432 -0.004592560698185 0.000000000000000 -0.000033034303251 0.000043822836094 0.000112840961071 0.999999992127584
108.345000 -0.001675661814070 -0.002902159309365 0.000000000000000 -0.000002011936878 0.000061442100133 -0.000011513843138 0.999999998044104
108.505000 -0.001222474848300 -0.002095267884234 0.000000000000000 -0.000002469214233 0.000051374936733 -0.000023204012604 0.999999998408024
108.650000 -0.003636594619121 -0.004518482181505 0.000000000000000 -0.000052191558632 0.000030126790772 0.000190405745333 0.999999980057012
108.785000 -0.005581378791351 -0.005278851966772 0.000000000000000 -0.000067196291482 0.000027062346518 0.000217792684209 0.999999973659294
108.930000 -0.004068388801381 -0.004250484726951 0.000000000000000 -0.000087543633503 0.000007314999359 0.000287915075985 0.999999954693733
109.090000 -0.005585572179054 -0.003589805492652 0.000000000000000 -0.000097031012136 0.000023626825055 0.000205753745494 0.999999973846053
109.245000 -0.003558910220631 -0.003403065436391 0.000000000000000 -0.000074673834241 0.000013601591043 0.000298365617017 0.999999952608363
109.350000 0.000537039654957 -0.003182823934966 0.000000000000000 0.000004697317773 0.000013529604351 0.000166481237891 0.999999986039418
109.495000 0.000650751696109 -0.003612075752997 0.000000000000000 -0.000022701207800 0.000033505865511 0.000067154837872 0.999999996926097
109.650000 -0.005271296773276 -0.003869972333402 0.000000000000000 -0.000070065883855 0.000037759858930 0.000135275713861 0.999999987682700
109.810000 -0.002145596010887 -0.004206735786230 0.000000000000000 -0.000044176009828 0.000040410089430 0.000088088280931 0.999999994327957
109.975000 -0.000158711650769 -0.004257051370625 0.000000000000000 -0.000022470773065 0.000029291799335 0.000072692994162 0.999999996676369
110.120000 -0.005236376037994 -0.004012095012743 0.000000000000000 -0.000067816123900 0.000035091319759 0.000134381003882 0.999999988055636
110.270000 -0.001649139105576 -0.003847796355895 0.000000000000000 -0.000039460771439 0.000039848177640 0.000070689805149 0.999999995928938
110.430000 -0.005431248862235 -0.003916280741883 0.000000000000000 -0.000064198918536 0.000042856500278 0.000127014197320 0.999999988954583
110.590000 -0.002672015489085 -0.002904781601677 0.000000000000000 -0.000009367006608 0.000060706114859 -0.000020446714201 0.999999997904456
110.755000 -0.001528165712337 -0.002934471417684 0.000000000000000 -0.000004408292590 0.000054309013136 -0.000020570128734 0.999999998303960
110.950000 -0.001442023849932 -0.002704894092685 0.000000000000000 -0.000000593306230 0.000050323178519 -0.000017247551603 0.999999998584850
111.080000 -0.001787137781825 -0.002699883171278 0.000000000000000 -0.000004262819026 0.000050609809417 -0.000015468311518 0.999999998590580
111.220000 -0.002490475652019 -0.003022991810832 0.000000000000000 -0.000004634978822 0.000052957440485 -0.000019737211602 0.999999998392211
111.375000 -0.007405166950327 -0.003965209177060 0.000000000000000 -0.000070628495462 0.000041782248618 0.000163038388591 0.999999983342148
111.515000 -0.008968626670355 -0.004704147291028 0.000000000000000 -0.000071329089745 0.000052217898235 0.000174079137179 0.999999980940929
111.665000 -0.009662195134578 -0.004487421321010 0.000000000000000 -0.000073867741800 0.000056164875231 0.000179913367362 0.999999979510097
111.820000 -0.003466584304145 -0.002765535797460 0.000000000000000 -0.000011791297085 0.000071301583371 -0.000022883681893 0.999999997126669
111.985000 -0.001056947614569 -0.002297847859366 0.000000000000000 -0.000001346913937 0.000063774099223 -0.000049208633950 0.999999996754756
112.135000 -0.005741502716498 -0.003659615889280 0.000000000000000 -0.000067087247964 0.000039746658649 0.000162997561634 0.999999983675625
112.300000 -0.003014830568885 -0.002943003921377 0.000000000000000 -0.000005635159263 0.000056740307020 -0.000019261424318 0.999999998188865
112.430000 -0.001339001730390 -0.002444164071088 0.000000000000000 -0.000005837719450 0.000051550413637 -0.000020916812521 0.999999998435456
112.565000 -0.000749726179473 -0.002720954812694 0.000000000000000 -0.000002307608602 0.000050815321794 -0.000015350129276 0.999999998588401
112.725000 -0.005945883835500 -0.003593069760333 0.000000000000000 -0.000060418108480 0.000039925468564 0.000123628592637 0.999999989735765
112.890000 -0.005788473271821 -0.004340755602144 0.000000000000000 0.000003004532598 0.000051368939441 0.000071491197240 0.999999996120582
113.040000 -0.007869347734339 -0.003945441097785 0.000000000000000 -0.000065754259530 0.000046327082747 0.000138824133457 0.999999987128994
113.205000 -0.008593268627090 -0.003786761728431 0.000000000000000 -0.000069831011707 0.000053736873018 0.000134258225669 0.999999987105328
113.360000 -0.004973218872272 -0.004779496128772 0.000000000000000 -0.000000947948939 0.000061520077818 0.000035808668737 0.999999997466034
113.475000 -0.003532195049857 -0.004790066485215 0.000000000000000 0.000002450813007 0.000051845316462 0.000045143071366 0.999999997634054
113.630000 -0.002016809511865 -0.003823929053967 0.000000000000000 -0.000014434509391 0.000055089893430 -0.000010057860343 0.999999998327768
113.790000 -0.001098151622329 -0.002928208762071 0.000000000000000 -0.000009371219093 0.000058124763791 -0.000031663108634 0.999999997765544
113.930000 -0.006430508760992 -0.003724443887029 0.000000000000000 -0.000065834114768 0.000040340089851 0.000177924132212 0.999999981190748
114.075000 -0.008717327773081 -0.004443122119467 0.000000000000000 -0.000071089807541 0.000044496591108 0.000190601667843 0.999999978318621
114.200000 -0.009194979031406 -0.003991080335348 0.000000000000000 -0.000083790268680 0.000054280741674 0.000213835915372 0.999999972153469
114.365000 -0.004801120688659 -0.004375340125917 0.000000000000000 0.000005527221856 0.000055766497726 0.000037527708328 0.999999997725582
114.515000 -0.003162836076334 -0.004432422452793 0.000000000000000 0.000005806906504 0.000048868104717 0.000035598415034 0.999999998155443
114.655000 -0.002888543232033 -0.004088549946531 0.000000000000000 -0.000000967162082 0.000051448275107 0.000019791566403 0.999999998480189
114.785000 -0.001374966606970 -0.002866185871287 0.000000000000000 -0.000008019333425 0.000055027435581 -0.000015855968213 0.999999998328102
114.930000 -0.000935040460061 -0.002951978487556 0.000000000000000 -0.000011390886470 0.000053463112269 -0.000027126692183 0.999999998138015
115.075000 -0.001265274816399 -0.003194345903936 0.000000000000000 -0.000002605313211 0.000051676258910 -0.000019548672356 0.999999998470284
115.215000 -0.006233829785859 -0.004512396042265 0.000000000000000 -0.000064874227461 0.000042001917928 0.000161018317067 0.999999984050109
115.320000 -0.008465470327905 -0.004427368314620 0.000000000000000 -0.000078973893157 0.000047146604925 0.000190721349916 0.999999977582815
115.470000 -0.004714210354913 -0.003356644459632 0.000000000000000 -0.000016759315474 0.000063847830947 -0.000015618576576 0.999999997699291
115.635000 -0.004648260473490 -0.003881040256242 0.000000000000000 -0.000101079454299 0.000017646250554 0.000298133639865 0.999999950293913
115.800000 -0.003864530835508 -0.003884023827341 0.000000000000000 -0.000097560608725 0.000016806618510 0.000294617699159 0.999999951699908
115.960000 -0.003851257847566 -0.004275063334094 0.000000000000000 -0.000101116427859 0.000012354849620 0.000282598872474 0.999999954880322
116.120000 -0.004572392418389 -0.004061023572550 0.000000000000000 -0.000101318660874 0.000011595342446 0.000286104100843 0.999999953872230
116.260000 -0.005336922933552 -0.004430817120862 0.000000000000000 -0.000103581879172 0.000014855768677 0.000282861409708 0.999999954519732
116.410000 -0.005333383242239 -0.003918146637749 0.000000000000000 -0.000107176112970 0.000018503554241 0.000306905961118 0.999999946989784
116.560000 -0.004580896424303 -0.004364316883526 0.000000000000000 -0.000095546123406 0.000018431427497 0.000272722950772 0.999999958076676
116.720000 -0.004715178096224 -0.003932276058152 0.000000000000000 -0.000102158165559 0.000015759154712 0.000278850873236 0.999999955778743
116.860000 -0.004431516572131 -0.004078710910854 0.000000000000000 -0.000095543523292 0.000018594531481 0.000290022549744 0.999999953206268
117.005000 -0.005584795369862 -0.003555996253621 0.000000000000000 -0.000097595755373 0.000014791398571 0.000287949548367 0.999999953670638
117.150000 -0.005624904735183 -0.004154022780071 0.000000000000000 -0.000099235354500 0.000018428600457 0.000289743182747 0.999999952930777
117.315000 -0.005607767463759 -0.003763057934274 0.000000000000000 -0.000096112672381 0.000018341154422 0.000309369064078 0.999999947358336
117.480000 -0.006485976158835 -0.004258256234870 0.000000000000000 -0.000105100195358 0.000018033526333 0.000306673683027 0.999999947289963
117.595000 -0.001501604263328 -0.003032378377091 0.000000000000000 -0.000033079181510 0.000025710604746 0.000089385232255 0.999999995127474
117.725000 0.001281865806739 -0.001830986514977 0.000000000000000 -0.000025233572939 0.000017553881115 0.000081891233847 0.999999996174444
117.840000 0.001839115050465 -0.001912216221080 0.000000000000000 -0.000016538746945 0.000019375978810 0.000049788325436 0.999999998436049
117.960000 0.002281006433733 -0.003266761775300 0.000000000000000 0.000002200562058 0.000006114324870 0.000124535248682 0.999999992224339
118.065000 0.002212460226150 -0.003627466965397 0.000000000000000 -0.000009527293576 0.000002613043223 0.000122800258361 0.999999992411216
118.185000 0.001367983219394 -0.004195517538625 0.000000000000000 -0.000011382069420 0.000004558685350 0.000119893513706 0.999999992737573
118.295000 0.001165433865036 -0.003909084436907 0.000000000000000 -0.000010329051376 0.000000267474510 0.000141350623206 0.999999989956587
118.400000 0.001020419929852 -0.003622131353248 0.000000000000000 -0.000000604696145 0.000003649863038 0.000119198392296 0.999999992888995
118.505000 0.001800643096305 -0.003549749563889 0.000000000000000 0.000000421951334 0.000005111017145 0.000114378347235 0.999999993445613
118.630000 0.001187985948873 -0.004058284086493 0.000000000000000 -0.000008552240361 -0.000001845414394 0.000099255157337 0.999999995035901
118.760000 0.000341759186184 -0.004013582249362 0.000000000000000 -0.000010468044126 0.000005975561709 0.000111895277763 0.999999993667047
118.895000 0.000857906449576 -0.004466109057510 0.000000000000000 -0.000010659743525 0.000001445173786 0.000152753434382 0.999999988275302
119.010000 0.001026687132999 -0.004180640948705 0.000000000000000 -0.000017099982287 0.000002634003581 0.000125421258512 0.999999991985047
119.130000 0.001307213651185 -0.004488377524984 0.000000000000000 -0.000014585193814 0.000006407974932 0.000136107774850 0.999999990610408
119.265000 0.000851864585167 -0.004598942324678 0.000000000000000 -0.000013662061179 0.000002909502582 0.000133756503018 0.999999990957007
119.380000 0.001508951795926 -0.004085591990596 0.000000000000000 -0.000008306792188 0.000003542736716 0.000120547211060 0.999999992693375
119.515000 0.002088007064264 -0.003479132734453 0.000000000000000 -0.000009025890582 0.000004523771666 0.000121526444514 0.999999992564663
119.660000 0.002016812236447 -0.004081958635404 0.000000000000000 -0.000007381559305 0.000007758910287 0.000121236625710 0.999999992593463
119.765000 0.001310990726620 -0.003948428172514 0.000000000000000 -0.000003951385694 0.000003106200747 0.000126586802848 0.999999991975226
119.890000 0.001430608113898 -0.004020660815050 0.000000000000000 -0.000006578625009 0.000004699530187 0.000111721085276 0.999999993726484
120.015000 0.002388748689635 -0.002985995217674 0.000000000000000 -0.000033670847506 0.000007990948877 0.000122049243875 0.999999991953167
120.135000 0.002420356780009 -0.002118158325905 0.000000000000000 -0.000031561001710 0.000012380738630 0.000091574104667 0.999999995232368
120.255000 0.002502640392173 -0.002130061497565 0.000000000000000 -0.000022243385509 0.000006746270529 0.000092709130476 0.999999995432335
120.370000 -0.002497340484593 -0.002975033909223 0.000000000000000 -0.000085377552856 0.000003062394146 0.000276373876144 0.999999958159353
120.490000 -0.005591025992906 -0.003663247975803 0.000000000000000 -0.000090455008933 0.000011918469407 0.000299888137406 0.999999950871438
120.605000 -0.005579324912004 -0.004434767186108 0.000000000000000 -0.000088831577955 0.000012348405756 0.000285632790056 0.999999955185154
120.730000 -0.001866466323523 -0.004745477312197 0.000000000000000 -0.000017958118431 0.000012203712737 0.000158451546988 0.999999987210808
120.840000 0.000907624788794 -0.005043658434800 0.000000000000000 -0.000016600471577 0.000012162670493 0.000130461675552 0.999999991278089
120.975000 0.001858014863635 -0.004944977114632 0.000000000000000 -0.000017980081540 0.000006761710843 0.000126755101608 0.999999991782037
121.105000 0.002203780932048 -0.004605646297257 0.000000000000000 -0.000020631545269 0.000000536248739 0.000133235985282 0.999999990911079
121.235000 0.002037245622064 -0.004746621337284 0.000000000000000 -0.000016073793933 0.000003161787852 0.000145116897499 0.999999989336328
121.350000 0.000687659741210 -0.004651018896134 0.000000000000000 -0.000012844368741 0.000002552541717 0.000168067612397 0.999999985790859
121.475000 0.001424864348858 -0.004067713622054 0.000000000000000 -0.000003584096022 0.000004723903247 0.000138121881852 0.999999990443559
121.585000 0.001772321462462 -0.003778864236806 0.000000000000000 -0.000003788848883 0.000002069987679 0.000153090729840 0.999999988272260
121.720000 0.018352354172804 0.003560487181520 0.000000000000000 0.000005240393233 0.000025339512911 0.007534149920740 0.999971617554894
121.850000 0.061436837299646 0.007109097160991 0.000000000000000 -0.000013032295328 -0.000143233993846 0.011131988932409 0.999938027147944
121.970000 0.105428818523384 0.013741271998561 0.000000000000000 0.000009160738289 -0.000101470863272 0.009589364358576 0.999954015798164
122.095000 0.143557564275654 0.013019850463129 0.000000000000000 0.000007640261420 -0.000217916446014 0.009521490643750 0.999954645806450
122.205000 0.183256001024940 0.013774944232209 0.000000000000000 0.000053925290036 -0.000243855376781 0.009276325662586 0.999956942777414
122.340000 0.227420463927161 0.015971584858832 0.000000000000000 0.000116462779080 -0.000297890094718 0.009317770716551 0.999956537478864
122.470000 0.285583800621064 0.015290860945523 0.000000000000000 0.000057013955119 -0.000393674809299 0.010355989786383 0.999946296180465
122.600000 0.389408572437015 0.019562964851277 0.000000000000000 -0.000025353323818 -0.000462574374724 0.010526164034462 0.999944491085784
122.735000 0.536629375291732 0.024111845607600 0.000000000000000 0.000049861283067 -0.000626630343105 0.010484055785537 0.999944843190105
122.845000 0.644448467005158 0.025266691351051 0.000000000000000 0.000198790950910 -0.000774147232165 0.010389703476913 0.999945706145996
122.975000 0.773927423944986 0.026985625099531 0.000000000000000 0.000171213490423 -0.000883682833735 0.009240432680813 0.999956901168442
123.115000 0.895586696598226 0.030521737361673 0.000000000000000 0.000141375985943 -0.000981611430837 0.008546146151963 0.999962989233957
123.245000 1.019720328222824 0.028472006309136 0.000000000000000 0.000316757959271 -0.001072793735158 0.005002337453739 0.999986862612668
123.365000 1.141593049670327 0.025918488517466 0.000000000000000 0.000304084015833 -0.001119107345560 0.003523289435785 0.999993120757910
123.490000 1.264707822829747 0.030044655005107 0.000000000000000 0.000231269419300 -0.001172147492167 0.003545721866763 0.999993000196045
123.610000 1.391476469452728 0.028398174540542 0.000000000000000 0.000287322850027 -0.001203600638885 0.002102634382419 0.999997023855405
123.730000 1.507651397913908 0.023069469439773 0.000000000000000 0.000227962583764 -0.001200533707256 0.000554607338132 0.999999099580850
123.860000 1.628463167774495 0.020504189727807 0.000000000000000 0.000379677347916 -0.001344181089140 0.000622539254143 0.999998830732877
123.990000 1.771347740047009 0.023639381350541 0.000000000000000 0.000323716342532 -0.001326626263604 0.001537265709565 0.999997886040045
124.105000 1.887926012863028 0.030348709226591 0.000000000000000 0.000482916531440 -0.001054878885775 0.008648140070334 0.999961931123089
124.230000 1.982265312703775 0.082561761427778 0.000000000000000 0.000364448556098 -0.001191904063596 0.051904758497006 0.998651261746188
124.350000 2.117415846909690 0.188701567961400 0.000000000000000 0.000003896324508 0.001225034790914 0.123562426562246 0.992336044904428
124.490000 2.190375438643105 0.249650632694041 0.000000000000000 -0.000788211202225 -0.000864361000456 0.208821914663773 0.977952984329641
124.595000 2.270486276132122 0.331931923333229 0.000000000000000 -0.001260972876481 -0.000570836235586 0.282591094090021 0.959239468346844
124.710000 2.369835511417465 0.428576396543123 0.000000000000000 -0.001617030334245 -0.001249261361050 0.344114777553243 0.938925366804181
124.830000 2.454991293145414 0.540484002006965 0.000000000000000 -0.002215133922952 -0.001491700367425 0.417610953223259 0.908622011487512
124.945000 2.533928715934368 0.667180244937322 0.000000000000000 -0.001733772499484 -0.002734174013566 0.458448110669130 0.888715279574524
125.065000 2.617265594040980 0.809066493382634 0.000000000000000 -0.000582134549583 -0.003916790128445 0.488462397048428 0.872575960329010
125.185000 2.697856621894428 0.968177860116247 0.000000000000000 0.007383024797194 0.003033622593822 0.524938106252952 0.851102974194253
125.305000 2.725737562233975 1.072999588144373 0.000000000000000 0.000817865316962 -0.007375330840206 0.573310745049547 0.819304415465943
125.425000 2.726866758468819 1.114156202820650 0.000000000000000 0.000150606202121 -0.005577621496897 0.609395289946456 0.792846925987117
125.540000 2.709938228165271 1.123395564010344 0.000000000000000 0.002042532512871 -0.005928616858943 0.612513760683728 0.790435052699517
125.660000 2.696541465250835 1.085365287036895 0.000000000000000 0.003954377737091 -0.006898749977870 0.603302608099688 0.797472716276555
125.780000 2.691077540592534 1.041302085199822 0.000000000000000 0.004521400443106 -0.005591673272646 0.590754526460305 0.806819297981055
125.920000 2.686481506534991 0.961775570505829 0.000000000000000 0.005471021419584 -0.005435793485276 0.587422406408745 0.809243743579590
126.040000 2.659891435363667 0.837034508625991 0.000000000000000 0.005757033459693 -0.005191263367645 0.558194373132292 0.829674001734281
126.185000 2.626492669643862 0.718946401818007 0.000000000000000 0.005307106528443 -0.001596551362619 0.555576092009027 0.831447227208051
126.310000 2.585294639116262 0.636220963430927 0.000000000000000 0.004768260158536 -0.004418006600737 0.520979460586487 0.853544460798432
126.450000 2.521843472297007 0.494430686227022 0.000000000000000 0.005837612039207 -0.007857075633592 0.446339957958886 0.894809941036287
126.575000 2.540914433902093 0.355187215048055 0.000000000000000 0.004554788455205 -0.006760930301184 0.370403093574659 0.928835341701558
126.690000 2.559238382650361 0.204636380773805 0.000000000000000 0.004613945654183 -0.007890328877055 0.259768356773261 0.965627700014333
126.790000 2.583465057659028 0.068288630443851 0.000000000000000 0.003721936561382 -0.008758043698623 0.152102714807731 0.988318879717909
126.900000 2.600472650598401 -0.075747591610317 0.000000000000000 0.002377600619072 -0.009413651966320 0.031055003642488 0.999470518284885
127.040000 2.601174419085007 -0.231758055693909 0.000000000000000 0.001106872969915 -0.009262012104439 -0.102368793492447 0.994702779770342
127.170000 2.547623624464586 -0.284740125474551 0.000000000000000 0.000858044224930 -0.009269965042073 -0.189047896408648 0.981923736535394
127.290000 2.479212800730461 -0.258740740049801 0.000000000000000 0.000469650172406 -0.009464358137283 -0.231742916232107 0.972730911470352
127.405000 2.413139256139948 -0.232626411814098 0.000000000000000 0.000271040326096 -0.009540657029147 -0.261970765773720 0.965028611120138
127.520000 2.337953498451972 -0.238953733344996 0.000000000000000 -0.000097371099942 -0.010913895840636 -0.310310469837767 0.950572611485020
127.625000 2.294915721568542 -0.339572535419307 0.000000000000000 -0.000915048901834 -0.008331975031432 -0.392369562148133 0.919769464364415
127.765000 2.216847716733741 -0.432628902952148 0.000000000000000 -0.000059230379677 -0.008215914462942 -0.497231711924056 0.867578883962900
127.905000 2.150125123510445 -0.410511810377136 0.000000000000000 -0.001323751927756 -0.008853181923097 -0.560323344639957 0.828225584187122
128.020000 2.118093355123296 -0.338421347140029 0.000000000000000 -0.001757641640312 -0.008893554491009 -0.591178492467029 0.806489804913074
128.105000 2.099741323940272 -0.281929415256778 0.000000000000000 -0.002227923467975 -0.008943638291308 -0.609750472567683 0.792539846881254
128.225000 2.038525272884246 -0.237027771477544 0.000000000000000 -0.002420896239852 -0.008674666269403 -0.649799760202610 0.760052077865116
128.340000 1.935053787409304 -0.246146721920970 0.000000000000000 -0.001346744375500 -0.006997812734940 -0.722266748288224 0.691577877909356
128.445000 1.855679715025234 -0.211476222116914 0.000000000000000 -0.001664032528859 -0.007450446745359 -0.774877339669479 0.632065526908190
128.580000 1.833475745551162 -0.086477631645680 0.000000000000000 -0.003063130063523 -0.008238053612169 -0.810965807856914 0.585027529432437
128.710000 1.877916438254212 0.048995290372987 0.000000000000000 -0.004157282474796 -0.007141185701513 -0.810615474974659 0.585520513902586
128.825000 1.939690689986957 0.130439112786125 0.000000000000000 -0.004909280812940 -0.006746670149081 -0.793150664255507 0.608968312143405
128.935000 1.967348232851471 0.145462761431306 0.000000000000000 -0.003845006622134 0.003585053076621 -0.791026071915081 0.611759852286051
129.065000 1.930134241299569 0.150348710269017 0.000000000000000 -0.002925341403075 -0.008808834395175 -0.804144464409947 0.594361444891116
129.180000 1.904684577724517 0.098719709047061 0.000000000000000 -0.003336669509093 -0.005536073200984 -0.814677845501754 0.579877768653586
129.305000 1.858690310542405 0.036221941573232 0.000000000000000 -0.001760997831669 -0.007594905844796 -0.819286325982986 0.573331607666180
129.435000 1.823937807855376 -0.059872710557202 0.000000000000000 -0.002607549250804 -0.005123902881164 -0.824597692699541 0.565690367162729
129.565000 1.768341581696328 -0.159696426962480 0.000000000000000 -0.002294527392891 -0.005694594065173 -0.836790643016739 0.547488562896111
129.685000 1.740859607202142 -0.242191971902546 0.000000000000000 -0.002557944909942 -0.004887866248797 -0.849724656024734 0.527197851498809
129.820000 1.688490030781689 -0.329393381669798 0.000000000000000 -0.002330911283684 -0.004676018864921 -0.875588239636534 0.483029953843755
129.950000 1.597584795341873 -0.402319201795419 0.000000000000000 -0.002034312328663 -0.004826378632016 -0.909117255579317 0.416507362780686
130.075000 1.522145099760418 -0.459910340455836 0.000000000000000 -0.002075964038247 -0.004523900465980 -0.943789646456738 0.330509194938497
130.175000 1.459450618980947 -0.497409532748273 0.000000000000000 -0.002483696992999 -0.004588548884344 -0.967876262675555 0.251372863725433
130.300000 1.420754470739578 -0.512988233360203 0.000000000000000 -0.003045878730695 -0.004153014127288 -0.989441335428962 0.144842393106817
130.435000 1.446963664119584 -0.500276524151599 0.000000000000000 -0.003643861448476 -0.003523126704341 -0.998596360671378 0.052722085559936
130.580000 1.548296757713213 -0.484760738466653 0.000000000000000 -0.003917078022668 -0.002364296232368 -0.999760116929015 0.021419038286361
130.700000 1.669294732197737 -0.481473890435533 0.000000000000000 -0.004209198560573 -0.001788181310198 -0.999899614957674 0.013410632442823
130.830000 1.800978255323875 -0.479112991633350 0.000000000000000 -0.003336813440146 -0.001337327249250 -0.999890252135056 0.014372227284941
130.955000 1.909067033777575 -0.478368701625721 0.000000000000000 -0.003118755715731 -0.001369434652267 -0.999857636512748 0.016525880267119
131.090000 1.973780279986902 -0.481406918955335 0.000000000000000 -0.002753044401912 -0.001253929624851 -0.999798510985273 0.019844037860050
131.200000 1.983230838543278 -0.481078241728107 0.000000000000000 -0.002499037355100 -0.001360543817042 -0.999810958324068 0.019234119368227
131.325000 1.944943387200328 -0.481835108571286 0.000000000000000 -0.002411498086797 -0.001405872335570 -0.999818270490556 0.018858265910922
131.455000 1.858193022424468 -0.483788840079843 0.000000000000000 -0.002334508079699 -0.001401592834715 -0.999807570443780 0.019426983625808
131.580000 1.734931437705151 -0.492818755820120 0.000000000000000 -0.002011502216159 -0.001285488718927 -0.999778418595824 0.020914470769344
131.700000 1.616535655874120 -0.500994302707243 0.000000000000000 -0.002441072616709 -0.001313844532333 -0.999785556774978 0.020522072047254
131.825000 1.494939599551845 -0.509743263359464 0.000000000000000 -0.002428398702947 -0.001385707298270 -0.999785716545524 0.020511062539938
131.955000 1.363554447034906 -0.516561610635277 0.000000000000000 -0.002367451106714 -0.001356576363027 -0.999785064360347 0.020551884530307
132.085000 1.230161374024451 -0.523335831614038 0.000000000000000 -0.002264096208437 -0.001395373242575 -0.999783141338144 0.020654227118115
132.210000 1.105820870406597 -0.530398104958560 0.000000000000000 -0.002321491282581 -0.001411465963813 -0.999781766331174 0.020713236196193
132.320000 1.004516947567995 -0.537916449303868 0.000000000000000 -0.002395672397594 -0.001439102231769 -0.999784414800333 0.020574587743835
132.445000 0.887506647792062 -0.545408694620075 0.000000000000000 -0.002420279441141 -0.001432077801741 -0.999781011100746 0.020736953559017
132.585000 0.744930431031861 -0.553665547004707 0.000000000000000 -0.002367202474918 -0.001551474570620 -0.999782169530010 0.020678558192213
132.725000 0.602943432010738 -0.561682027402390 0.000000000000000 -0.002384861908255 -0.001612733777248 -0.999779401625440 0.020805278389420
132.845000 0.486523056835638 -0.567663860515410 0.000000000000000 -0.002510972655681 -0.001635146452673 -0.999778684192426 0.020823158905531
132.975000 0.362426355771505 -0.576385670231926 0.000000000000000 -0.002627610705444 -0.001700401443915 -0.999778980810819 0.020789271890384
133.110000 0.225911190112726 -0.584988630374127 0.000000000000000 -0.002672327297701 -0.001824026168505 -0.999778719775334 0.020785646001183
133.235000 0.102521230921293 -0.591424096849725 0.000000000000000 -0.002781965995078 -0.001896896720271 -0.999780344117447 0.020686371464729
133.370000 -0.028035180337152 -0.598548175314798 0.000000000000000 -0.002781806893275 -0.001921873764415 -0.999777395719147 0.020826112470235
133.500000 -0.152618443330671 -0.607671315780383 0.000000000000000 -0.002948304997247 -0.002042861326752 -0.999777124103811 0.020804719029518
133.615000 -0.268733699442848 -0.610623248965383 0.000000000000000 -0.002891256138272 -0.002074441472120 -0.999780460928252 0.020648662827312
133.745000 -0.405873181094787 -0.617015470346358 0.000000000000000 -0.002875959217337 -0.002033935621011 -0.999780048570098 0.020674778005684
133.870000 -0.530885303222483 -0.625979818619862 0.000000000000000 -0.002891155664296 -0.002011033443401 -0.999779742522013 0.020689693230563
133.990000 -0.648571545670171 -0.634196443755905 0.000000000000000 -0.002946478833674 -0.001873703517838 -0.999778804692455 0.020740038217889
134.110000 -0.769926101694430 -0.641568180235833 0.000000000000000 -0.002992918649044 -0.001968094305630 -0.999773337684808 0.020986717163184
134.240000 -0.873082420911463 -0.647547164657697 0.000000000000000 -0.002554530560456 -0.001791043655434 -0.999707557240872 0.023980544857725
134.375000 -0.910784354454496 -0.649866258503576 0.000000000000000 -0.002781640565307 -0.001877199837334 -0.999711598379343 0.023779374724743
134.500000 -0.893289846621706 -0.647910228974689 0.000000000000000 -0.002951035802220 -0.001855712623191 -0.999655515305248 0.026013428034336
134.640000 -0.831299633480885 -0.643802512981873 0.000000000000000 -0.002548296871433 -0.001770147481820 -0.999634911445809 0.026840577110443
134.765000 -0.722573479513434 -0.634358802400430 0.000000000000000 -0.002670788752977 -0.002062065916456 -0.999528024646661 0.030534287571183
134.900000 -0.590902629677129 -0.629440480940417 0.000000000000000 -0.002377757383782 -0.001868204167569 -0.999319689284122 0.036756151757773
135.015000 -0.483300880855185 -0.649501659623175 0.000000000000000 -0.002278654605521 -0.001817230837909 -0.997059064208729 0.076581511374652
135.130000 -0.367937556523257 -0.661405647456454 0.000000000000000 -0.002071733326579 -0.001890843855999 -0.989705996582431 0.143087990269119
135.265000 -0.270150980689913 -0.735026971410731 0.000000000000000 -0.002130531633420 -0.001871401833155 -0.969350465227873 0.245665696125012
135.390000 -0.213062190135996 -0.841994242525774 0.000000000000000 -0.001873315388527 -0.001830797542652 -0.932663867872905 0.360737090460780
135.510000 -0.147147574754319 -0.916550767816340 0.000000000000000 -0.001586776581374 -0.001967489768802 -0.891538047766789 0.452938760218438
135.640000 -0.083608732118110 -0.940084132357615 0.000000000000000 -0.000565149408397 0.001804818034554 -0.846835594441317 0.531851388289220
135.765000 -0.079210329336183 -0.868696055471481 0.000000000000000 -0.001722454403324 -0.000425962767530 -0.804204464205227 0.594350091662207
135.880000 -0.056994857967939 -0.818071029326365 0.000000000000000 -0.001770207496320 -0.000872566862224 -0.760436532275744 0.649409258767436
135.985000 0.004106953962082 -0.779333152230875 0.000000000000000 -0.001648302894449 -0.000718969073886 -0.708945530959185 0.705260944838135
136.100000 0.093539975151782 -0.738531382340883 0.000000000000000 -0.001381309897259 -0.000996499137210 -0.637777068306254 0.770219131231532
136.210000 0.167764212430758 -0.728625563065954 0.000000000000000 -0.001809311323541 -0.000861140366589 -0.570454391848865 0.821326836070809
136.320000 0.218746905790480 -0.738705647494719 0.000000000000000 -0.000761677235486 -0.000528078596647 -0.521020976189629 0.853543369344014
136.440000 0.196271383646794 -0.749488235345803 0.000000000000000 0.001259525493670 -0.000854753124742 -0.450806930746681 0.892620184727706
136.565000 0.215175788698175 -0.745540255952581 0.000000000000000 -0.002277132546464 -0.000584536366074 -0.383961607567362 0.923346065621569
136.690000 0.223025745838542 -0.741430105704881 0.000000000000000 -0.002284720303913 -0.000743335947669 -0.338007640273951 0.941140299116544
136.810000 0.231688557545265 -0.735420248569088 0.000000000000000 -0.002188486588482 -0.001168855850395 -0.335901791527113 0.941893747060288
136.915000 0.249625374231448 -0.752695051103954 0.000000000000000 -0.002053028418360 -0.000545341027962 -0.338387309906847 0.941004525053639
137.025000 0.303862548076858 -0.804274018725164 0.000000000000000 -0.002039711542129 -0.000741894806564 -0.338797280770239 0.940856892259155
137.145000 0.393410507327683 -0.880820816651818 0.000000000000000 -0.001971880771887 -0.000798134740389 -0.340611926267773 0.940201569000636
137.265000 0.485353492372179 -0.962091607265685 0.000000000000000 -0.001710299039011 -0.000808549542814 -0.344838817606484 0.938660008201339
137.370000 0.558395988574449 -1.026438294140336 0.000000000000000 -0.001849258399596 -0.000704269673656 -0.344544730232327 0.938767816404393
137.510000 0.640057314440074 -1.119831475781563 0.000000000000000 0.000170703314356 -0.001314573896785 -0.350063905213107 0.936724882248113
137.650000 0.721133318783280 -1.176305324186690 0.000000000000000 -0.002111229751743 -0.000767728695496 -0.347704857773287 0.937601346619333
137.775000 0.798310991966933 -1.235587582028741 0.000000000000000 -0.002035688299472 -0.000863949825186 -0.352544283462164 0.935792518543474
137.890000 0.889610497984024 -1.307074333562575 0.000000000000000 -0.001547943652872 -0.001057820831732 -0.383961618101612 0.923347150702415
138.010000 0.980965826711489 -1.391035889693036 0.000000000000000 -0.001742813878793 -0.000630852525233 -0.418211460160674 0.908347807403691
138.150000 1.070180360508787 -1.512195079083187 0.000000000000000 -0.000851776158278 0.000232509105123 -0.444685071976848 0.895686556323013
138.280000 1.109192134164707 -1.584052705402258 0.000000000000000 -0.001915142635482 -0.001286335647540 -0.452859895973239 0.891578707792158
138.400000 1.158738935377956 -1.645239780930266 0.000000000000000 -0.001490716162065 -0.000661226711505 -0.443946683151003 0.896051718967004
138.500000 1.203470732835881 -1.696305777389246 0.000000000000000 -0.001978312942932 -0.000488459700066 -0.444391500521801 0.895830364493715
138.640000 1.273891456333265 -1.779677544100208 0.000000000000000 -0.001928589664888 -0.000459664477831 -0.448001527057948 0.894030592879326
138.770000 1.348184494538552 -1.878621154824846 0.000000000000000 -0.001892088252859 -0.000307228197696 -0.448371353059267 0.893845319598766
138.900000 1.428745957947378 -1.981330183942199 0.000000000000000 -0.001751823293315 -0.000422242566890 -0.441888011928984 0.897068413076591
139.010000 1.500107782931613 -2.062390174940752 0.000000000000000 -0.001849950722628 -0.000453458210860 -0.412101445518501 0.911135978139090
139.140000 1.597185331240943 -2.154965384035356 0.000000000000000 -0.001682921125768 0.000014474428785 -0.363478733184425 0.931600975788219
139.270000 1.690878069715668 -2.230563708480901 0.000000000000000 -0.001823997604674 -0.000756482876232 -0.307870707168317 0.951426155008373
139.395000 1.805981324811830 -2.249353250981589 0.000000000000000 -0.001497406441600 -0.000835933973392 -0.246716127531488 0.969086276553408
139.525000 1.958072924171165 -2.219018337124623 0.000000000000000 -0.002015780756925 -0.001152521119625 -0.154255425595557 0.988028274897680
139.640000 2.074896286934604 -2.246559831680257 0.000000000000000 -0.000952453677273 -0.001583585836320 -0.082544790622857 0.996585642395506
139.760000 2.196738364925821 -2.263429062048085 0.000000000000000 -0.001654587341316 -0.001322678164410 0.015783388335662 0.999873190717599
139.885000 2.318655020163848 -2.253719314971356 0.000000000000000 -0.002350224613423 -0.001807926668996 0.132960702068236 0.991116874818954
140.015000 2.442289879890070 -2.207559455549720 0.000000000000000 -0.002253616386433 -0.001881051418309 0.243648403786151 0.969859184722787
140.125000 2.540357569020378 -2.146905316081876 0.000000000000000 -0.002274005005679 -0.001812933436933 0.334866818488821 0.942260980858650
140.235000 2.611524152486997 -2.083742484756555 0.000000000000000 -0.002374868764680 -0.002570621491447 0.414498549649743 0.910043243061395
140.355000 2.670693317065680 -1.997797768864206 0.000000000000000 -0.002030639292492 -0.002410394815204 0.450561693174999 0.892739730909362
140.460000 2.699471139253427 -1.941534472637775 0.000000000000000 -0.002001499703376 -0.002566481957825 0.449740049260005 0.893153567568786
140.585000 2.720157049861297 -1.915404782389858 0.000000000000000 -0.002104556119182 -0.002633421214934 0.450155126477819 0.892944006106726
140.710000 2.724680441890925 -1.918767025219439 0.000000000000000 -0.002016091839131 -0.002680822515047 0.450403850751825 0.892818637681926
140.830000 2.725762708803170 -1.920573264309716 0.000000000000000 -0.002051161578838 -0.002586455081535 0.450463279588684 0.892788853384964
140.940000 2.727829281013486 -1.920015553825635 0.000000000000000 -0.002043127695429 -0.002586265645058 0.450461724202569 0.892789657135220
141.075000 2.730450251072472 -1.916400520157347 0.000000000000000 -0.002007490485679 -0.002616216055552 0.450367768549406 0.892837050332966
141.205000 2.729421746911849 -1.917010031962366 0.000000000000000 -0.002003684198876 -0.002684854315373 0.450396997413598 0.892822110796823
141.325000 2.728677201069613 -1.917607182083771 0.000000000000000 -0.002004953283848 -0.002584824008813 0.450412191906525 0.892814737909873
141.440000 2.729220485493092 -1.917551173732505 0.000000000000000 -0.002028534665146 -0.002573418716788 0.450397889267046 0.892821932922210
141.555000 2.728321480684157 -1.917499310282589 0.000000000000000 -0.002020577817446 -0.002657480429918 0.450424674279744 0.892808192089979
141.675000 2.726939725403301 -1.917316371300997 0.000000000000000 -0.002045791674661 -0.002607530102727 0.450435402871301 0.892802869262470
141.790000 2.725760559355168 -1.917677795384624 0.000000000000000 -0.002085353218522 -0.002581640251183 0.450454994661969 0.892792968285255
141.900000 2.726083285918713 -1.917907194762208 0.000000000000000 -0.002046710235704 -0.002590394320874 0.450446094501127 0.892797522836559
142.035000 2.728553891517129 -1.916885125932142 0.000000000000000 -0.001933245724326 -0.002553233536719 0.450445488719794 0.892798188423008
142.140000 2.730046337956594 -1.917380875395597 0.000000000000000 -0.001989499176022 -0.002541198875061 0.450444658548476 0.892798518024304
142.265000 2.730006831250342 -1.916648088576048 0.000000000000000 -0.001955245526341 -0.002548018393180 0.450428967955105 0.892806490480463
142.375000 2.729032082249139 -1.917864638992045 0.000000000000000 -0.002042746322488 -0.002507306144566 0.450459643668824 0.892790932989946
142.485000 2.729588168482193 -1.918510437598114 0.000000000000000 -0.002040089550720 -0.002506380443390 0.450446801898661 0.892797420891721
142.620000 2.729450648190836 -1.918941044850029 0.000000000000000 -0.002043747106162 -0.002487786855248 0.450445862547978 0.892797938465183
142.725000 2.728651325766864 -1.919020608048544 0.000000000000000 -0.002009893569864 -0.002499086064972 0.450476596940492 0.892782476589642
142.830000 2.727586103794218 -1.919096086279326 0.000000000000000 -0.001990413197176 -0.002484621591623 0.450489867886360 0.892775864280909
142.950000 2.726745259199189 -1.919253083736763 0.000000000000000 -0.002009382638012 -0.002450086463428 0.450515887581420 0.892762787359781
143.075000 2.726450230240973 -1.919293739944469 0.000000000000000 -0.002008863641154 -0.002442736265893 0.450514125186557 0.892763698026382
143.180000 2.727637288512805 -1.918161819969870 0.000000000000000 -0.002028772964932 -0.002498601778943 0.450482399087097 0.892779507595287
143.305000 2.729489448469493 -1.917230042585796 0.000000000000000 -0.002006251011796 -0.002530765528060 0.450439707234276 0.892801008248402
143.425000 2.728677082467045 -1.917368645969127 0.000000000000000 -0.002018831355028 -0.002528022568309 0.450450750002263 0.892795416231622
143.545000 2.727720528047625 -1.918593100069131 0.000000000000000 -0.001979919283778 -0.002457104822255 0.450502616481910 0.892769530785195
143.680000 2.726701995048530 -1.918858232859646 0.000000000000000 -0.001981183564478 -0.002437856523312 0.450520917393938 0.892760345645864
